-1 1 1 74.2419
-1 1 2 74.2419
-1 1 3 74.21
-1 1 4 73.5717
-1 1 5 74.3696
-1 2 1 72.8695
-1 2 2 72.9333
-1 2 3 73.061
-1 2 4 72.8695
-1 2 5 73.029
-1 3 1 72.8375
-1 3 2 72.9014
-1 3 3 72.7099
-1 3 4 72.7099
-1 3 5 72.8375
-1 4 1 72.6141
-1 4 2 72.646
-1 4 3 72.5503
-1 4 4 72.5822
-1 4 5 72.6779
-1 5 1 72.7099
-1 5 2 72.7099
-1 5 3 72.6141
-1 5 4 72.6141
-1 5 5 72.7418
-10 1 1 51.0054
-10 1 2 51.0054
-10 1 3 51.0054
-10 1 4 51.0054
-10 1 5 51.0054
-10 2 1 51.0054
-10 2 2 51.0054
-10 2 3 51.0054
-10 2 4 51.0054
-10 2 5 51.0054
-10 3 1 51.0054
-10 3 2 51.0054
-10 3 3 51.0054
-10 3 4 51.0054
-10 3 5 51.0054
-10 4 1 51.0054
-10 4 2 51.0054
-10 4 3 51.0054
-10 4 4 51.0054
-10 4 5 51.0054
-10 5 1 51.0054
-10 5 2 51.0054
-10 5 3 51.0054
-10 5 4 51.0054
-10 5 5 51.0054
-2 1 1 72.6779
-2 1 2 72.8695
-2 1 3 72.7418
-2 1 4 71.5289
-2 1 5 72.6779
-2 2 1 72.1673
-2 2 2 72.2949
-2 2 3 72.1992
-2 2 4 72.1353
-2 2 5 72.3588
-2 3 1 71.9757
-2 3 2 72.1034
-2 3 3 71.9438
-2 3 4 71.9119
-2 3 5 72.1353
-2 4 1 72.4226
-2 4 2 72.2311
-2 4 3 72.2949
-2 4 4 72.263
-2 4 5 72.4226
-2 5 1 72.646
-2 5 2 72.4545
-2 5 3 72.4545
-2 5 4 72.3907
-2 5 5 72.5503
-3 1 1 70.2841
-3 1 2 70.316
-3 1 3 70.2841
-3 1 4 69.9649
-3 1 5 70.2522
-3 2 1 70.5713
-3 2 2 70.6671
-3 2 3 70.4437
-3 2 4 70.2841
-3 2 5 70.6352
-3 3 1 70.8267
-3 3 2 70.7948
-3 3 3 70.8267
-3 3 4 70.7628
-3 3 5 70.8905
-3 4 1 71.4012
-3 4 2 71.3055
-3 4 3 71.2735
-3 4 4 71.2735
-3 4 5 71.2735
-3 5 1 68.752
-3 5 2 69.0393
-3 5 3 68.752
-3 5 4 68.7201
-3 5 5 68.6243
-4 1 1 69.9649
-4 1 2 69.9649
-4 1 3 69.9649
-4 1 4 69.9649
-4 1 5 69.9649
-4 2 1 70.0926
-4 2 2 70.0606
-4 2 3 70.0926
-4 2 4 70.0926
-4 2 5 70.1245
-4 3 1 71.1459
-4 3 2 70.8905
-4 3 3 71.1459
-4 3 4 71.1459
-4 3 5 71.1778
-4 4 1 68.4647
-4 4 2 70.9224
-4 4 3 67.188
-4 4 4 66.7092
-4 4 5 69.8053
-4 5 1 71.2416
-4 5 2 71.6246
-4 5 3 70.7309
-4 5 4 66.8688
-4 5 5 71.1139
-5 1 1 70.2841
-5 1 2 70.316
-5 1 3 70.2841
-5 1 4 70.1245
-5 1 5 70.316
-5 2 1 71.0182
-5 2 2 71.5608
-5 2 3 70.699
-5 2 4 70.0606
-5 2 5 71.3055
-5 3 1 51.0054
-5 3 2 51.0054
-5 3 3 51.0693
-5 3 4 71.4331
-5 3 5 51.0054
-5 4 1 51.0054
-5 4 2 51.0054
-5 4 3 51.0054
-5 4 4 51.0054
-5 4 5 51.0054
-5 5 1 51.0054
-5 5 2 51.0054
-5 5 3 51.0054
-5 5 4 51.0054
-5 5 5 51.0054
-6 1 1 51.0054
-6 1 2 51.0054
-6 1 3 51.0693
-6 1 4 51.2927
-6 1 5 51.0054
-6 2 1 51.0054
-6 2 2 51.0054
-6 2 3 51.0054
-6 2 4 51.0054
-6 2 5 51.0054
-6 3 1 51.0054
-6 3 2 51.0054
-6 3 3 51.0054
-6 3 4 51.0054
-6 3 5 51.0054
-6 4 1 51.0054
-6 4 2 51.0054
-6 4 3 51.0054
-6 4 4 51.0054
-6 4 5 51.0054
-6 5 1 51.0054
-6 5 2 51.0054
-6 5 3 51.0054
-6 5 4 51.0054
-6 5 5 51.0054
-7 1 1 51.0054
-7 1 2 51.0054
-7 1 3 51.0054
-7 1 4 51.0054
-7 1 5 51.0054
-7 2 1 51.0054
-7 2 2 51.0054
-7 2 3 51.0054
-7 2 4 51.0054
-7 2 5 51.0054
-7 3 1 51.0054
-7 3 2 51.0054
-7 3 3 51.0054
-7 3 4 51.0054
-7 3 5 51.0054
-7 4 1 51.0054
-7 4 2 51.0054
-7 4 3 51.0054
-7 4 4 51.0054
-7 4 5 51.0054
-7 5 1 51.0054
-7 5 2 51.0054
-7 5 3 51.0054
-7 5 4 51.0054
-7 5 5 51.0054
-8 1 1 51.0054
-8 1 2 51.0054
-8 1 3 51.0054
-8 1 4 51.0054
-8 1 5 51.0054
-8 2 1 51.0054
-8 2 2 51.0054
-8 2 3 51.0054
-8 2 4 51.0054
-8 2 5 51.0054
-8 3 1 51.0054
-8 3 2 51.0054
-8 3 3 51.0054
-8 3 4 51.0054
-8 3 5 51.0054
-8 4 1 51.0054
-8 4 2 51.0054
-8 4 3 51.0054
-8 4 4 51.0054
-8 4 5 51.0054
-8 5 1 51.0054
-8 5 2 51.0054
-8 5 3 51.0054
-8 5 4 51.0054
-8 5 5 51.0054
-9 1 1 51.0054
-9 1 2 51.0054
-9 1 3 51.0054
-9 1 4 51.0054
-9 1 5 51.0054
-9 2 1 51.0054
-9 2 2 51.0054
-9 2 3 51.0054
-9 2 4 51.0054
-9 2 5 51.0054
-9 3 1 51.0054
-9 3 2 51.0054
-9 3 3 51.0054
-9 3 4 51.0054
-9 3 5 51.0054
-9 4 1 51.0054
-9 4 2 51.0054
-9 4 3 51.0054
-9 4 4 51.0054
-9 4 5 51.0054
-9 5 1 51.0054
-9 5 2 51.0054
-9 5 3 51.0054
-9 5 4 51.0054
-9 5 5 51.0054
0 1 1 76.4762
0 1 2 76.2528
0 1 3 76.572
0 1 4 76.0932
0 1 5 76.5401
0 2 1 74.4015
0 2 2 74.3058
0 2 3 74.5292
0 2 4 73.9228
0 2 5 74.3696
0 3 1 73.1248
0 3 2 73.1886
0 3 3 73.4759
0 3 4 73.2525
0 3 5 73.4121
0 4 1 73.1248
0 4 2 73.1567
0 4 3 73.3801
0 4 4 73.1567
0 4 5 73.2206
0 5 1 73.0929
0 5 2 73.029
0 5 3 73.2525
0 5 4 73.061
0 5 5 73.2844
1 1 1 77.9445
1 1 2 77.8168
1 1 3 77.8487
1 1 4 77.5934
1 1 5 77.7849
1 2 1 76.572
1 2 2 76.4443
1 2 3 76.8273
1 2 4 75.7102
1 2 5 76.3485
1 3 1 74.8165
1 3 2 75.1676
1 3 3 75.2633
1 3 4 74.625
1 3 5 75.0718
1 4 1 74.3377
1 4 2 74.3058
1 4 3 74.4973
1 4 4 73.8908
1 4 5 74.4335
1 5 1 74.0504
1 5 2 73.8589
1 5 3 74.0185
1 5 4 73.6355
1 5 5 74.1143
10 1 1 79.8276
10 1 2 79.6361
10 1 3 79.8276
10 1 4 79.5723
10 1 5 79.8276
10 2 1 81.1044
10 2 2 81.264
10 2 3 81.0725
10 2 4 80.8809
10 2 5 80.849
10 3 1 82.03
10 3 2 82.0938
10 3 3 81.9342
10 3 4 81.7747
10 3 5 81.647
10 4 1 81.9342
10 4 2 81.7747
10 4 3 81.647
10 4 4 81.6151
10 4 5 81.7747
10 5 1 82.2215
10 5 2 81.9023
10 5 3 81.8704
10 5 4 81.7427
10 5 5 81.8704
2 1 1 79.0297
2 1 2 78.902
2 1 3 79.2531
2 1 4 79.1254
2 1 5 79.1893
2 2 1 78.6786
2 2 2 78.6786
2 2 3 79.1254
2 2 4 78.6467
2 2 5 79.0616
2 3 1 77.9125
2 3 2 77.4657
2 3 3 77.4019
2 3 4 76.7954
2 3 5 77.4338
2 4 1 76.3485
2 4 2 76.3166
2 4 3 76.3485
2 4 4 76.1251
2 4 5 76.2847
2 5 1 75.4229
2 5 2 75.391
2 5 3 75.5187
2 5 4 75.3272
2 5 5 75.6463
3 1 1 79.5085
3 1 2 79.5085
3 1 3 79.5404
3 1 4 79.5404
3 1 5 79.5723
3 2 1 80.3383
3 2 2 80.3703
3 2 3 80.2426
3 2 4 80.466
3 2 5 80.2107
3 3 1 79.8915
3 3 2 79.5723
3 3 3 79.5723
3 3 4 79.5723
3 3 5 79.7638
3 4 1 78.5828
3 4 2 78.4552
3 4 3 78.519
3 4 4 78.0721
3 4 5 78.5828
3 5 1 77.5614
3 5 2 77.3699
3 5 3 77.1146
3 5 4 76.6677
3 5 5 77.1784
4 1 1 79.7
4 1 2 79.4765
4 1 3 79.6361
4 1 4 79.668
4 1 5 79.7638
4 2 1 80.8809
4 2 2 81.0405
4 2 3 80.9767
4 2 4 80.9767
4 2 5 80.849
4 3 1 80.9767
4 3 2 80.5618
4 3 3 80.7852
4 3 4 80.7533
4 3 5 80.849
4 4 1 80.3064
4 4 2 80.2745
4 4 3 80.2745
4 4 4 80.1468
4 4 5 80.4341
4 5 1 79.7319
4 5 2 79.285
4 5 3 79.4446
4 5 4 79.285
4 5 5 79.668
5 1 1 79.7957
5 1 2 79.4765
5 1 3 79.7
5 1 4 79.668
5 1 5 79.8596
5 2 1 80.9767
5 2 2 81.0725
5 2 3 81.3916
5 2 4 81.0405
5 2 5 80.9129
5 3 1 81.0405
5 3 2 80.7852
5 3 3 81.0086
5 3 4 80.9448
5 3 5 80.9129
5 4 1 80.8171
5 4 2 80.849
5 4 3 80.9767
5 4 4 80.7852
5 4 5 81.0086
5 5 1 80.4341
5 5 2 80.6575
5 5 3 80.6256
5 5 4 80.5298
5 5 5 80.9448
6 1 1 79.8276
6 1 2 79.5404
6 1 3 79.8596
6 1 4 79.6042
6 1 5 79.8596
6 2 1 80.8809
6 2 2 81.0725
6 2 3 81.0725
6 2 4 80.9448
6 2 5 81.0405
6 3 1 81.2959
6 3 2 81.4236
6 3 3 81.1682
6 3 4 81.264
6 3 5 81.1682
6 4 1 81.3916
6 4 2 81.3916
6 4 3 81.2001
6 4 4 81.1044
6 4 5 81.264
6 5 1 81.0725
6 5 2 81.2001
6 5 3 80.9448
6 5 4 80.9767
6 5 5 81.1044
7 1 1 79.8596
7 1 2 79.6042
7 1 3 79.8276
7 1 4 79.5723
7 1 5 79.7638
7 2 1 81.1044
7 2 2 81.1044
7 2 3 81.232
7 2 4 80.849
7 2 5 80.9129
7 3 1 81.3916
7 3 2 81.4874
7 3 3 81.1682
7 3 4 81.3278
7 3 5 81.3278
7 4 1 81.4236
7 4 2 81.4555
7 4 3 81.3278
7 4 4 81.1044
7 4 5 81.264
7 5 1 81.3916
7 5 2 81.5512
7 5 3 81.232
7 5 4 81.2959
7 5 5 81.2001
8 1 1 79.8596
8 1 2 79.5723
8 1 3 79.7957
8 1 4 79.5723
8 1 5 79.7638
8 2 1 81.0725
8 2 2 81.4555
8 2 3 81.1044
8 2 4 80.8809
8 2 5 80.9129
8 3 1 81.6151
8 3 2 81.6789
8 3 3 81.5193
8 3 4 81.5512
8 3 5 81.264
8 4 1 81.5193
8 4 2 81.7747
8 4 3 81.1044
8 4 4 81.3597
8 4 5 81.5512
8 5 1 81.4555
8 5 2 81.647
8 5 3 81.4236
8 5 4 81.3916
8 5 5 81.5193
9 1 1 79.7319
9 1 2 79.5085
9 1 3 79.7319
9 1 4 79.5723
9 1 5 79.7638
9 2 1 81.2001
9 2 2 81.3278
9 2 3 81.0086
9 2 4 80.9129
9 2 5 80.7533
9 3 1 81.9342
9 3 2 81.9342
9 3 3 81.6789
9 3 4 81.6151
9 3 5 81.2001
9 4 1 81.7108
9 4 2 81.7427
9 4 3 81.1044
9 4 4 81.3597
9 4 5 81.8704
9 5 1 81.9023
9 5 2 81.8385
9 5 3 81.7108
9 5 4 81.4555
9 5 5 81.8385
